0.0001300106 0.0001800116 0.0001500098 0.0000800103 0.0003000119 0.0001700051 0.0000400123 0.0000700095 0.0003400109 0.0003200115 0.0002300117 0.0002600049 0.0003600125 0.0003100051 0.0001000048 0.0001400048 0.0002000051 0.0000100108 0.0002400109 0.0001200095 0.0000300103 0.0002700115 0.0003300048 0.0002100114 0.0002500095 0.0000500071 0.0001600095 0.0003500051 0.0000000102 0.0002900052 0.0002200051 0.0000900048 0.0002800095 0.0000600103 0.00011001 0.0001900104 0.0000200097

0.000020009, 
0.00019001, 
0.00011001,
0.00006001,
0.000280009, 
0.000280009,
0.000090004,
0.000220005, 
0.000290005, 
0.00000001, 
0.000350005, 
0.000160009, 
0.000050007, 
0.000250009, 
0.000210011, 
0.000330004, 
0.000270011, 
0.00003001, 
0.000120009, 
0.00024001, 
0.00001001, 
0.000200005, 
0.000140004, 
0.000100004, 
0.000310005, 
0.000360012, 
0.000260004, 
0.000230011, 
0.000320011, 
0.00034001, 
0.000070009, 
0.000040012, 
0.000170005, 
0.000300011, 
0.00008001, 
0.000150009, 
0.000180011, 
0.00013001, 








02 
09 
19 
1 
11 
1 
06 
1 
28 
09 
28 
09 
09 
04
22 
05 
29 
05 
00 
1 
35 
05 
16 
09 
05 
07 
25 
09 
21 
11 
33 
04 
27 
11 
03 
1 
12 
09 
24 
1 
01 
1 
20 
05 
14 
04 
10 
04 
31 
05 
36 
12 
26 
04 
23 
11 
32 
11 
34 
1 
07 
09 
04 
12 
17 
05 
30 
11 
08 
1 
15 
09 
18 
11 
13 
1 


jtbgw3{_msu1}3003lm_gs0r_G_3f430_gha